1 5.68 2.10 11.58 5.41 
2 18.24 906.34 19.81 916.57 
3 1326.58 55952.79 1328.21 55963.04 
4 411.23 17468.65 412.90 17479.40 
5 2738.62 115831.73 2739.76 115842.20 
6 1452.74 61304.84 1453.98 61314.94 
7 2627.98 111191.26 2629.80 111201.63 
8 2240.84 95075.01 2242.58 95085.04 
9 584.07 24677.32 585.12 24688.05 
10 481.00 20288.85 482.56 20299.56 
11 1844.20 77924.03 1845.29 77934.70 
12 587.36 24832.50 589.09 24843.36 
13 1322.27 55810.40 1324.01 55820.87 
14 2068.34 87549.91 2069.74 87560.20 
15 1526.34 64397.60 1528.25 64408.27 
16 2302.38 97606.56 2304.20 97616.58 
17 1566.51 66221.66 1567.64 66232.59 
18 532.81 22596.52 534.40 22607.38 
19 2619.22 110825.11 2620.94 110835.41 
20 797.96 33389.05 799.18 33399.14 
21 1460.36 61563.31 1462.00 61573.67 
22 829.04 34768.10 830.18 34778.45 
23 833.11 34965.59 834.23 34976.24 
24 496.91 21010.58 498.14 21020.62 
25 1307.34 55181.43 1308.95 55192.38 
26 2647.82 111994.34 2649.54 112004.66 
27 1808.21 76429.29 1809.28 76440.14 
28 105.82 4488.83 107.05 4499.74 
29 1800.12 76140.83 1801.97 76151.77 
30 1158.97 48982.37 1160.39 48992.46 
31 492.45 20791.53 494.16 20801.97 
32 1170.31 49384.68 1171.81 49395.47 
33 2716.57 114844.64 2717.92 114855.25 
34 1274.88 53888.13 1276.61 53899.04 
35 1326.58 56056.47 1328.21 56066.57 
36 453.73 19102.40 454.82 19113.21 
37 2672.09 112942.66 2673.52 112953.02 
38 620.40 26328.61 622.38 26339.34 
39 167.37 7188.22 168.42 7198.51 
40 334.63 14029.20 335.69 14039.69 
41 1311.16 55310.95 1312.17 55321.76 
42 2428.56 102849.60 2429.59 102860.41 
43 2834.67 119980.22 2836.42 119991.12 
44 2799.65 118338.29 2801.34 118348.41 
45 2962.53 125400.02 2963.78 125410.27 
46 1295.45 54735.66 1296.86 54746.56 
47 1143.87 48282.13 1145.26 48292.34 
48 492.45 20919.05 494.16 20929.44 
49 802.12 33594.89 803.44 33605.04 
50 2572.65 108947.03 2573.68 108957.69 
51 2384.48 101059.65 2385.73 101070.55 
52 3001.77 126990.06 3003.37 127000.37 
53 2545.22 107690.73 2546.35 107701.63 
54 2501.29 105894.81 2503.23 105905.78 
55 105.82 4425.25 107.05 4435.36 
56 1852.12 78389.47 1853.34 78400.34 
57 2436.19 103151.62 2437.84 103162.46 
58 1012.70 42668.60 1014.60 42679.29 
59 2565.14 108579.29 2566.25 108589.85 
60 2232.80 94750.62 2234.61 94760.87 
61 219.97 9435.89 221.33 9446.60 
62 27.14 117843.86 2788.13 117854.62 
63 1258.68 53184.78 1259.95 53195.15 
64 2522.73 106820.95 2524.17 106831.05 
65 2472.95 104792.29 2474.41 104802.41 
66 988.96 41730.39 990.44 41740.61 
67 756.69 31640.89 758.20 31651.09 
68 2311.20 97994.80 2312.70 98005.00 
69 892.66 37626.28 893.67 37636.66 
70 423.96 17925.69 425.94 17936.45 
71 2220.13 94204.58 2222.12 94215.15 
72 2331.30 98852.34 2332.91 98862.93 
73 723.57 30375.83 725.24 30386.15 
74 2782.22 117703.23 2783.81 117713.82 
75 1530.96 64656.21 1532.68 64667.09 
76 2911.26 123152.39 2912.42 123162.57 
77 2335.37 98932.19 2336.85 98943.16 
78 2930.72 124019.03 2932.50 124029.30 
79 329.96 13887.04 331.78 13897.71 
80 2311.20 97891.09 2312.70 97901.45 
81 224.30 9591.73 225.35 9601.99 
82 1452.74 61213.61 1453.98 61223.83 
83 2606.32 110323.05 2608.18 110333.35 
84 1582.83 66783.51 1584.55 66793.88 
85 1139.19 48113.95 1141.06 48124.72 
86 2904.74 122759.70 2906.02 122769.97 
87 14.30 802.90 15.82 813.81 
88 961.43 40496.73 963.33 40507.57 
89 545.33 22974.82 547.30 22985.69 
90 1848.11 78117.91 1849.20 78128.57 
91 2299.33 97462.86 2300.36 97473.09 
92 132.16 5620.81 133.60 5631.58 
93 2087.97 88529.26 2089.92 88540.25 
94 2311.20 97878.12 2312.70 97889.09 
95 2436.19 103267.27 2437.84 103277.32 
96 685.17 28825.57 687.11 28835.85 
97 3055.06 129230.60 3056.87 129240.84 
98 896.16 37844.46 897.92 37854.97 
99 2497.19 105778.55 2498.98 105788.68 
100 1727.66 73040.25 1729.35 73050.54 
101 2282.20 96816.59 2284.08 96827.38 
102 1437.18 60529.55 1438.92 60540.39 
103 1740.20 73628.40 1741.97 73638.59 
104 2684.18 113500.37 2685.34 113510.58 
105 1409.72 59357.20 1410.97 59367.90 
106 1039.38 43878.96 1041.33 43889.41 
107 2028.70 85876.69 2029.87 85886.96 
108 2200.65 93406.79 2202.64 93416.84 
109 2087.97 88516.25 2089.92 88527.05 
110 109.32 4554.75 111.20 4565.29 
111 855.83 35933.09 857.00 35943.65 
112 529.21 22377.68 530.44 22387.77 
113 2735.39 115662.56 2736.42 115673.10 
114 1765.98 74538.23 1767.01 74548.73 
115 2176.75 92335.16 2178.02 92345.49 
116 113.53 4790.99 114.85 4801.05 
117 1318.04 55705.52 1319.58 55715.68 
118 1170.31 49397.89 1171.81 49408.13 
119 1498.94 63293.33 1500.41 63303.39 
120 1804.13 76311.09 1805.61 76321.30 
121 1163.01 49137.19 1164.32 49147.91 
122 1330.76 56134.32 1332.06 56144.58 
123 2688.04 113709.93 2689.27 113719.99 
124 1566.51 66195.43 1567.64 66206.22 
125 2335.37 98998.47 2336.85 99009.45 
126 532.81 22583.56 534.40 22593.82 
127 2611.14 110554.57 2612.49 110564.70 
128 940.30 39594.64 942.03 39604.79 
129 1231.27 51881.27 1232.88 51891.70 
130 517.56 21908.16 518.91 21918.76 
131 2572.65 109037.12 2573.68 109047.47 
132 1004.78 42384.52 1005.84 42394.93 
133 2060.72 87213.43 2061.91 87223.45 
134 441.09 18721.96 442.11 18732.61 
135 3063.24 129540.07 3064.59 129550.88 
136 2091.98 88712.95 2093.02 88723.23 
137 1464.51 61824.50 1465.93 61835.34 
138 536.96 22779.54 538.27 22790.12 
139 1477.16 62319.33 1478.17 62330.15 
140 2306.96 97723.77 2308.29 97734.03 
141 66.48 2787.82 67.77 2798.39 
142 789.77 33011.80 790.97 33021.96 
143 2777.99 117503.62 2779.53 117514.17 
144 2766.24 117033.95 2767.67 117044.77 
145 1542.51 65188.02 1543.56 65198.09 
146 2244.94 95322.25 2246.27 95333.20 
147 199.44 8437.62 201.41 8448.23 
148 2672.09 112981.28 2673.52 112991.73 
149 2978.06 125946.22 2979.36 125956.62 
150 969.69 40822.79 971.53 40833.43 
151 2091.98 88648.12 2093.02 88658.62 
152 2392.20 101280.80 2393.25 101291.38 
153 3046.94 128944.65 3048.06 128954.95 
154 496.91 20983.94 498.14 20994.58 
155 2679.73 113356.80 2681.44 113367.46 
156 1574.74 66575.56 1576.31 66585.62 
157 1199.55 50546.46 1200.62 50556.72 
158 1116.26 47000.42 1117.55 47011.35 
159 2815.34 119095.44 2817.09 119105.91 
160 536.96 22635.62 538.27 22645.85 
161 951.74 40091.13 953.67 40101.28 
162 2811.63 118990.55 2813.31 119001.42 
163 2696.24 114008.37 2697.53 114019.30 
164 268.13 11436.03 269.23 11446.74 
165 1330.76 56197.15 1332.06 56207.62 
166 1914.51 80995.68 1915.63 81006.00 
167 0.00 103.15 1.13 113.28 
168 204.35 8696.77 205.65 8706.95 
169 1311.16 55272.48 1312.17 55282.49 
170 1203.08 50766.77 1204.36 50777.39 
171 768.85 32234.20 770.18 32244.35 
172 603.18 25547.03 604.62 25557.28 
173 195.74 8270.69 197.13 8281.31 
174 2122.19 89964.99 2123.67 89975.14 
175 2884.81 122032.27 2885.95 122042.48 
176 931.38 39308.84 933.11 39319.82 
177 2892.88 122288.78 2893.91 122299.72 
178 1088.68 45876.71 1090.00 45886.74 
179 1831.86 77417.28 1832.97 77427.41 
180 1163.01 49019.86 1164.32 49030.78 
181 461.15 19429.66 462.43 19440.15 
182 2679.73 113291.61 2681.44 113301.67 
183 49.16 2071.68 50.78 2081.93 
184 2652.25 112177.05 2654.18 112187.14 
185 764.69 31937.11 766.47 31947.98 
186 2485.04 105231.12 2486.15 105241.38 
187 1409.72 59408.79 1410.97 59418.85 
188 26.80 1267.86 28.79 1278.14 
189 1158.97 48969.26 1160.39 48980.05 
190 789.77 33024.40 790.97 33034.95 
191 1646.22 69554.51 1647.34 69565.33 
192 255.29 10954.18 257.09 10965.04 
193 2158.17 91516.55 2159.30 91527.41 
194 1859.87 78744.84 1861.84 78755.58 
195 2138.03 90604.05 2139.25 90614.10 
196 1574.74 66445.91 1576.31 66456.41 
197 1785.03 75463.65 1786.90 75473.68 
198 536.96 22648.83 538.27 22659.52 
199 877.40 36885.12 878.61 36896.06 
200 1840.27 77858.22 1842.18 77869.06 
201 2918.20 123487.51 2919.86 123498.01 
202 307.93 13080.60 309.86 13091.43 
203 1104.99 46510.14 1106.55 46521.09 
204 159.46 6746.42 160.66 6757.01 
205 1258.68 53119.27 1259.95 53129.98 
206 2742.05 116025.97 2743.91 116036.08 
207 2395.54 101594.74 2397.40 101605.26 
208 1199.55 50637.44 1200.62 50648.04 
209 536.96 22792.83 538.27 22802.84 
210 2978.06 125997.48 2979.36 126008.47 
211 2799.65 118455.94 2801.34 118466.86 
212 919.98 38754.54 921.18 38764.57 
213 545.33 23078.91 547.30 23089.18 
214 2428.56 102941.56 2429.59 102952.47 
215 1938.92 81994.23 1940.00 82004.46 
216 2356.04 99790.47 2357.74 99800.74 
217 66.48 2734.36 67.77 2745.09 
218 1852.12 78402.43 1853.34 78413.16 
219 2598.40 109958.91 2599.94 109969.50 
220 2918.20 123512.85 2919.86 123523.56 
221 1318.04 55692.65 1319.58 55703.23 
222 2440.82 103357.11 2442.73 103367.62 
223 2249.02 95466.57 2250.41 95476.95 
224 1926.67 81618.57 1928.46 81629.27 
225 441.09 18735.11 442.11 18745.85 
226 224.30 9554.19 225.35 9564.44 
227 919.98 38740.68 921.18 38751.63 
228 1480.33 62499.88 1481.39 62510.67 
229 1104.99 46639.54 1106.55 46650.02 
230 620.40 26263.02 622.38 26273.29 
231 855.83 35985.30 857.00 35995.44 
232 66.48 2814.31 67.77 2825.03 
233 1702.52 72020.90 1704.46 72031.88 
234 3017.83 127785.95 3019.18 127796.43 
235 124.54 5271.03 125.70 5281.08 
236 863.28 36167.39 864.44 36177.65 
237 1902.22 80544.61 1903.62 80554.73 
238 288.77 12271.39 290.38 12281.98 
239 2168.31 92049.31 2169.49 92059.77 
240 195.74 8373.04 197.13 8383.14 
241 212.48 8979.72 213.56 8990.30 
242 1326.58 56082.33 1328.21 56092.33 
243 1174.64 49550.02 1176.21 49560.85 
244 1104.99 46601.25 1106.55 46611.41 
245 117.76 4894.19 118.92 4904.38 
246 152.09 6434.90 153.17 6445.76 
247 553.81 23325.30 555.14 23336.12 
248 1535.21 64811.65 1536.25 64822.09 
249 22.18 1111.08 24.06 1121.40 
250 1550.65 65549.20 1552.24 65560.20 
251 927.39 39089.22 928.80 39099.29 
252 1128.13 47490.12 1129.98 47500.95 
253 576.74 24344.51 577.90 24354.58 
254 1314.72 55457.44 1315.81 55468.23 
255 2606.32 110388.16 2608.18 110398.32 
256 1452.74 61291.50 1453.98 61302.37 
257 1254.89 53040.05 1255.98 53050.71 
258 1055.79 44555.96 1056.92 44566.66 
259 2691.50 113774.45 2693.44 113784.82 
260 492.45 20906.57 494.16 20916.69 
261 2115.16 89730.57 2116.27 89740.79 
262 2505.49 106141.89 2507.42 106152.21 
263 805.57 33736.68 807.16 33747.64 
264 927.39 39063.16 928.80 39074.06 
265 2569.01 108722.99 2570.43 108733.76 
266 45.00 1981.34 46.46 1991.93 
267 2476.50 104897.45 2477.90 104907.76 
268 1262.26 53368.41 1263.84 53379.11 
269 2211.70 93851.61 2213.18 93861.95 
270 607.29 25689.95 608.78 25700.65 
271 1318.04 55627.03 1319.58 55637.84 
272 178.85 7643.14 180.51 7653.88 
273 1769.35 74773.27 1770.78 74783.36 
274 2392.20 101397.58 2393.25 101408.41 
275 877.40 36845.09 878.61 36856.09 
276 224.30 9566.90 225.35 9577.29 
277 1621.50 68451.02 1622.78 68461.45 
278 812.90 34050.74 814.85 34061.50 
279 1219.00 51424.66 1220.18 51435.66 
280 1597.77 67590.05 1599.43 67600.39 
281 1864.47 78863.12 1865.89 78873.67 
282 2663.77 112644.02 2665.40 112654.15 
283 268.13 11332.77 269.23 11342.88 
284 2417.22 102304.54 2418.81 102315.41 
285 564.36 23978.71 565.58 23989.67 
286 477.20 20171.73 478.30 20182.71 
287 384.89 16323.11 385.92 16333.21 
288 557.34 23533.85 558.35 23544.24 
289 2449.42 103629.23 2450.45 103639.67 
290 1028.21 43379.63 1029.63 43390.20 
291 1625.14 68670.43 1627.10 68681.27 
292 2007.08 84954.67 2008.55 84965.11 
293 2986.59 126438.12 2987.82 126448.45 
294 1016.85 42875.80 1018.45 42885.84 
295 1495.44 63122.12 1496.49 63132.72 
296 2111.42 89482.92 2113.06 89493.11 
297 698.00 29258.58 699.93 29269.33 
298 1187.07 50039.41 1188.98 50050.30 
299 1757.59 74278.66 1759.55 74289.48 
300 1151.13 48498.79 1152.42 48509.02 
301 2176.75 92437.98 2178.02 92448.23 
302 1955.22 82718.98 1956.70 82729.80 
303 1514.65 64006.74 1515.92 64017.48 
304 1367.64 57640.29 1369.50 57651.15 
305 900.15 37962.47 901.56 37972.70 
306 749.35 31329.00 750.67 31339.21 
307 741.27 30923.39 742.64 30933.49 
308 1004.78 42357.71 1005.84 42368.03 
309 1219.00 51411.95 1220.18 51422.58 
310 981.18 41236.88 982.75 41247.78 
311 1012.70 42643.45 1014.60 42653.72 
312 187.60 7957.02 188.73 7967.87 
313 2946.58 124749.40 2947.80 124759.48 
314 1777.05 75074.29 1778.13 75085.05 
315 1675.75 70839.94 1677.06 70850.55 
316 2180.49 92570.68 2182.43 92580.76 
317 2356.04 99882.41 2357.74 99893.31 
318 2142.02 90838.24 2143.70 90848.99 
319 2602.28 110153.65 2603.50 110164.25 
320 1811.54 76703.77 1813.39 76714.08 
321 18.24 970.54 19.81 980.88 
322 2644.30 111801.19 2645.34 111811.84 
323 22.18 1072.10 24.06 1082.34 
324 1951.03 82602.28 1952.49 82613.17 
325 1617.84 68384.91 1619.19 68395.48 
326 224.30 9515.73 225.35 9526.12 
327 2712.09 114700.48 2713.63 114710.60 
328 1762.12 74407.60 1763.92 74418.09 
329 2908.03 123009.51 2909.16 123019.79 
330 444.87 18892.90 446.72 18903.62 
331 1995.02 84369.77 1996.08 84380.12 
332 2892.88 122352.95 2893.91 122363.61 
333 1456.33 61471.52 1457.91 61482.39 
334 2908.03 123034.84 2909.16 123044.87 
335 113.53 4765.88 114.85 4776.03 
336 1433.62 60385.87 1435.08 60396.68 
337 395.69 16857.80 396.88 16867.93 
338 363.82 15455.45 365.61 15465.71 
339 2111.42 89534.99 2113.06 89545.49 
340 1477.16 62346.09 1478.17 62356.27 
341 2663.77 112732.97 2665.40 112743.20 
342 817.36 34128.68 818.43 34139.55 
343 2237.24 94919.48 2238.81 94929.66 
344 2735.39 115688.30 2736.42 115698.80 
345 985.42 41536.02 986.63 41546.31 
346 1491.37 63031.98 1493.22 63042.61 
347 1035.90 43616.74 1037.33 43626.89 
348 2720.09 115103.95 2721.49 115114.23 
349 1012.70 42708.53 1014.60 42718.83 
350 66.48 2761.34 67.77 2771.70 
351 325.53 13744.64 327.44 13754.94 
352 2464.88 104426.09 2466.61 104436.99 
353 923.41 38999.92 925.35 39010.19 
354 1852.12 78300.41 1853.34 78310.55 
355 1898.15 80398.30 1899.58 80409.27 
356 372.32 15701.37 374.07 15711.93 
357 1375.59 58004.05 1376.84 58014.65 
358 985.42 41561.61 986.63 41571.79 
359 1827.43 77378.52 1828.92 77388.69 
360 1044.13 44036.06 1045.23 44046.98 
361 1538.52 64993.55 1540.04 65003.90 
362 892.66 37549.26 893.67 37559.87 
363 1339.69 56520.55 1341.02 56530.87 
364 805.57 33646.55 807.16 33656.64 
365 2746.19 116297.37 2747.80 116308.35 
366 62.09 2606.04 63.98 2616.93 
367 2505.49 106011.94 2507.42 106022.02 
368 2966.42 125475.94 2967.52 125486.78 
369 2782.22 117676.26 2783.81 117686.92 
370 1625.14 68709.62 1627.10 68720.37 
371 2786.14 117986.57 2788.13 117997.12 
372 1679.12 71125.91 1680.32 71136.01 
373 873.41 36832.16 874.79 36842.98 
374 1440.98 60779.37 1441.98 60789.73 
375 1827.43 77287.88 1828.92 77298.10 
376 1634.01 69048.40 1635.61 69059.21 
377 1735.94 73422.05 1737.34 73432.12 
378 2799.65 118494.68 2801.34 118504.71 
379 2510.38 106180.98 2512.07 106191.39 
380 643.86 27081.39 645.80 27092.21 
381 1748.99 73966.43 1750.96 73976.70 
382 62.09 2593.54 63.98 2603.89 
383 1055.79 44450.21 1056.92 44461.12 
384 1491.37 62953.56 1493.22 62964.45 
385 797.96 33337.77 799.18 33348.75 
386 1008.48 42527.44 1010.46 42538.43 
387 437.06 18525.40 438.70 18536.02 
388 212.48 8940.93 213.56 8951.45 
389 2982.11 126114.29 2983.92 126125.14 
390 870.29 36662.61 871.32 36673.01 
391 1008.48 42540.79 1010.46 42551.51 
392 268.13 11345.55 269.23 11355.97 
393 2647.82 111981.50 2649.54 111991.62 
394 1311.16 55364.01 1312.17 55374.45 
395 2799.65 118377.21 2801.34 118388.02 
396 377.05 15999.38 378.85 16010.04 
397 2421.11 102590.30 2422.46 102600.91 
398 625.34 26354.55 627.30 26365.16 
399 66.48 2722.11 67.77 2732.35 
400 1510.28 63812.76 1511.80 63823.73 
401 2982.11 126269.61 2983.92 126280.46 
402 2529.72 107130.16 2531.58 107140.77 
403 1339.69 56507.87 1341.02 56518.39 
404 372.32 15817.50 374.07 15827.54 
405 557.34 23481.25 558.35 23491.75 
406 2476.50 104844.20 2477.90 104854.53 
407 1379.41 58222.78 1381.12 58232.86 
408 2306.96 97852.48 2308.29 97862.95 
409 1352.15 57055.54 1353.74 57066.45 
410 300.08 12740.44 301.56 12751.38 
411 2782.22 117792.83 2783.81 117803.80 
412 170.64 7254.31 172.58 7264.41 
413 931.38 39348.67 933.11 39359.66 
414 2684.18 113591.73 2685.34 113602.48 
415 2644.30 111827.09 2645.34 111838.05 
416 2449.42 103785.74 2450.45 103795.95 
417 3063.24 129513.84 3064.59 129524.62 
418 1867.97 79030.88 1869.65 79041.34 
419 1554.44 65692.43 1556.24 65702.88 
420 1355.80 57145.48 1357.63 57156.36 
421 848.15 35623.12 849.19 35633.61 
422 2400.28 101736.88 2401.93 101747.30 
423 337.75 14311.34 338.80 14321.71 
424 2076.34 88044.27 2077.59 88055.13 
425 1158.97 48865.18 1160.39 48875.57 
426 271.52 11631.96 273.31 11642.71 
427 1748.99 73991.75 1750.96 74002.52 
428 817.36 34168.42 818.43 34178.53 
429 2777.99 117570.41 2779.53 117581.34 
430 2489.00 105426.95 2490.11 105436.98 
431 2211.70 93942.32 2213.18 93953.09 
432 2347.60 99463.97 2349.19 99474.81 
433 167.37 7123.16 168.42 7134.12 
434 521.22 22118.24 523.07 22128.86 
435 1986.55 84150.36 1987.96 84160.95 
436 1894.60 80166.30 1896.06 80176.34 
437 1526.34 64436.27 1528.25 64446.89 
438 756.69 31757.46 758.20 31767.57 
439 2560.98 108410.28 2562.68 108420.79 
440 1421.55 59864.55 1422.80 59874.59 
441 1930.76 81800.54 1931.97 81810.98 
442 1687.01 71423.59 1688.75 71433.85 
443 1962.30 83059.67 1963.31 83070.52 
444 1691.46 71526.21 1692.82 71536.79 
445 1480.33 62396.89 1481.39 62407.12 
446 719.03 30102.68 720.72 30113.19 
447 1295.45 54670.96 1296.86 54681.13 
448 1363.95 57614.79 1365.61 57625.16 
449 280.30 11905.67 281.80 11915.78 
450 2032.56 86135.02 2034.16 86145.74 
451 2440.82 103318.34 2442.73 103328.77 
452 2456.54 104097.62 2458.53 104108.08 
453 1710.69 72348.81 1712.62 72359.54 
454 239.62 10241.84 241.40 10252.28 
455 2057.08 87120.93 2058.59 87131.86 
456 1981.73 83893.41 1983.57 83903.53 
457 2444.74 103538.44 2446.53 103549.39 
458 1679.12 71099.34 1680.32 71110.01 
459 2017.90 85382.05 2019.14 85392.25 
460 2892.88 122237.34 2893.91 122247.41 
461 977.43 41120.01 978.97 41130.05 
462 155.53 6668.64 156.97 6678.74 
463 1231.27 51972.18 1232.88 51982.30 
464 2904.74 122812.60 2906.02 122823.51 
465 1166.47 49188.54 1168.02 49199.43 
466 512.85 21620.26 514.62 21631.18 
467 1886.97 79878.16 1888.28 79888.73 
468 1502.85 63515.50 1503.88 63526.20 
469 1396.00 58965.05 1397.78 58976.00 
470 1601.90 67707.26 1603.67 67717.60 
471 2200.65 93393.69 2202.64 93404.43 
472 2826.75 119551.49 2828.15 119562.05 
473 2908.03 123060.42 2909.16 123070.54 
474 1687.01 71346.51 1688.75 71357.01 
475 2432.00 103098.90 2433.80 103109.63 
476 1938.92 81981.34 1940.00 81992.14 
477 2552.15 108032.80 2553.98 108043.12 
478 1178.50 49830.98 1180.23 49841.73 
479 2632.01 111333.64 2633.50 111344.39 
480 997.35 41977.97 998.62 41988.49 
481 321.11 13653.94 322.66 13664.28 
482 1922.51 81305.15 1924.28 81315.45 
483 1594.76 67369.83 1595.77 67380.27 
484 2510.38 106219.12 2512.07 106229.77 
485 1667.77 70500.53 1669.33 70510.73 
486 2514.40 106375.41 2515.52 106385.93 
487 1610.15 68045.10 1611.58 68055.69 
488 2339.78 99063.97 2340.84 99074.68 
489 1922.51 81344.86 1924.28 81355.24 
490 931.38 39231.11 933.11 39241.80 
491 1343.78 56663.67 1345.36 56674.36 
492 884.72 37327.02 885.84 37337.80 
493 2942.45 124578.57 2943.69 124589.13 
494 2946.58 124591.88 2947.80 124602.70 
495 736.57 30910.80 738.36 30920.98 
496 2602.28 110193.32 2603.50 110204.09 
497 2707.92 114598.62 2709.29 114608.67 
498 2204.85 93629.02 2205.94 93639.22 
499 1266.64 53497.09 1268.30 53507.73 
500 2777.99 117609.70 2779.53 117620.47 
501 124.54 5334.80 125.70 5344.95 
502 1154.98 48760.45 1156.70 48770.72 
503 2537.58 107443.12 2538.76 107453.86 
504 2556.69 108306.30 2558.40 108316.62 
505 3046.94 128970.80 3048.06 128981.66 
506 2757.88 116789.27 2759.47 116799.34 
507 2249.02 95439.70 2250.41 95450.33 
508 53.67 2278.90 54.77 2289.51 
509 449.05 18945.38 451.03 18956.20 
510 1235.18 52115.51 1237.14 52125.88 
511 2379.75 100864.09 2381.67 100874.75 
512 2253.28 95544.62 2255.13 95554.91 
513 3055.06 129191.36 3056.87 129201.93 
514 2099.01 88933.91 2100.02 88944.88 
515 936.08 39413.82 937.49 39423.89 
516 1080.14 45494.99 1081.21 45505.44 
517 325.53 13718.46 327.44 13728.75 
518 117.76 4907.05 118.92 4917.18 
519 1021.20 43041.76 1022.54 43052.62 
520 1250.91 52843.02 1252.76 52853.34 
521 2723.82 115219.56 2725.11 115230.41 
522 2253.28 95662.70 2255.13 95673.11 
523 1128.13 47632.38 1129.98 47642.96 
524 208.46 8850.38 210.24 8860.46 
525 1981.73 83867.57 1983.57 83878.24 
526 1522.36 64358.66 1523.87 64369.09 
527 870.29 36544.62 871.32 36555.32 
528 2379.75 100798.37 2381.67 100808.50 
529 2154.46 91424.47 2155.61 91434.57 
530 919.98 38832.88 921.18 38843.01 
531 3050.79 129050.07 3052.59 129060.14 
532 3074.72 130009.59 3075.74 130019.79 
533 3070.92 129827.24 3072.29 129837.42 
534 477.20 20223.86 478.30 20234.34 
535 62.09 2580.17 63.98 2590.82 
536 2884.81 121915.23 2885.95 121925.90 
537 870.29 36570.59 871.32 36580.62 
538 1664.38 70345.06 1665.71 70355.09 
539 2319.33 98293.55 2320.71 98304.41 
540 7.00 375.24 8.16 385.91 
541 2404.61 101813.62 2405.79 101823.84 
542 1859.87 78651.58 1861.84 78661.73 
543 2867.93 121218.74 2868.96 121229.50 
544 2294.81 97216.24 2296.69 97226.55 
545 1375.59 58093.64 1376.84 58103.80 
546 1409.72 59434.29 1410.97 59444.47 
547 2994.44 126617.95 2995.87 126628.54 
548 1242.99 52413.27 1244.47 52424.16 
549 1777.05 75087.51 1778.13 75098.12 
550 317.13 13394.21 318.57 13404.59 
551 216.48 9148.62 217.84 9158.94 
552 2461.11 104163.81 2462.74 104174.24 
553 14.30 685.51 15.82 696.19 
554 1068.21 44976.07 1069.46 44986.86 
555 1844.20 77962.11 1845.29 77972.66 
556 2421.11 102473.37 2422.46 102483.98 
557 208.46 8915.03 210.24 8925.08 
558 3034.23 128343.57 3035.71 128354.34 
559 719.03 30232.16 720.72 30243.09 
560 1926.67 81528.71 1928.46 81539.07 
561 1498.94 63344.76 1500.41 63355.55 
562 1283.29 54190.58 1284.46 54201.53 
563 300.08 12793.70 301.56 12803.86 
564 300.08 12662.64 301.56 12672.93 
565 1031.74 43497.75 1033.66 43507.85 
566 1052.12 44424.24 1053.18 44434.81 
567 736.57 30884.13 738.36 30895.04 
568 1687.01 71410.79 1688.75 71421.09 
569 292.84 12428.02 294.26 12438.60 
570 855.83 35959.82 857.00 35969.99 
571 1757.59 74252.74 1759.55 74262.90 
572 53.67 2266.38 54.77 2276.71 
573 698.00 29335.93 699.93 29346.73 
574 1210.99 51168.25 1212.32 51178.44 
575 2115.16 89717.70 2116.27 89728.02 
576 102.11 4320.81 103.73 4331.58 
577 2492.58 105609.72 2494.53 105620.19 
578 2440.82 103448.31 2442.73 103458.34 
579 927.39 39076.48 928.80 39087.01 
580 224.30 9541.11 225.35 9551.33 
581 2211.70 93968.62 2213.18 93979.61 
582 216.48 9265.59 217.84 9276.17 
583 1535.21 64798.94 1536.25 64809.06 
584 139.68 5905.53 141.33 5915.57 
585 2024.66 85813.52 2025.77 85824.10 
586 1120.41 47166.23 1121.80 47177.00 
587 1480.33 62384.21 1481.39 62394.88 
588 1981.73 83880.93 1983.57 83891.14 
589 1379.41 58275.55 1381.12 58285.86 
590 1375.59 58080.85 1376.84 58091.27 
591 2823.45 119369.79 2824.65 119380.63 
592 1088.68 45954.07 1090.00 45964.63 
593 1318.04 55731.46 1319.58 55741.76 
594 152.09 6538.54 153.17 6548.65 
595 2691.50 113801.16 2693.44 113811.71 
596 2914.89 123396.64 2915.97 123407.53 
597 2659.89 112435.71 2661.39 112446.62 
598 2257.45 95740.02 2259.32 95750.48 
599 940.30 39686.23 942.03 39697.21 
600 3063.24 129644.68 3064.59 129655.65 
601 2675.95 113252.64 2676.95 113262.70 
602 1986.55 84075.34 1987.96 84085.77 
603 2537.58 107429.90 2538.76 107440.29 
604 1702.52 72047.65 1704.46 72057.82 
605 2343.82 99373.34 2345.31 99383.70 
606 536.96 22740.16 538.27 22750.37 
607 1875.88 79356.67 1876.91 79367.07 
608 2615.26 110721.24 2616.86 110731.84 
609 1460.36 61536.84 1462.00 61547.79 
610 2133.83 90485.27 2135.07 90495.54 
611 1147.54 48333.41 1148.99 48344.02 
612 191.08 8206.24 192.85 8216.90 
613 2083.70 88358.64 2085.46 88369.27 
614 1314.72 55523.16 1315.81 55533.88 
615 1649.84 69683.86 1650.86 69694.77 
616 1934.82 81968.83 1936.37 81979.10 
617 1147.54 48448.90 1148.99 48459.05 
618 195.74 8333.87 197.13 8344.30 
619 352.77 14909.30 353.90 14920.04 
620 997.35 42030.92 998.62 42041.87 
621 307.93 13107.34 309.86 13118.19 
622 481.00 20432.61 482.56 20442.76 
623 2286.42 96882.75 2288.29 96892.80 
624 2773.99 117399.58 2775.85 117409.86 
625 1780.71 75219.29 1782.10 75229.30 
626 1554.44 65575.57 1556.24 65586.04 
627 1400.28 59121.61 1402.10 59131.95 
628 1322.27 55849.55 1324.01 55859.59 
629 2436.19 103228.97 2437.84 103238.98 
630 752.67 31483.22 754.45 31493.55 
631 3014.17 127602.70 3015.51 127613.64 
632 1016.85 42784.87 1018.45 42795.76 
633 2569.01 108762.61 2570.43 108772.88 
634 10.85 621.46 11.94 632.00 
635 936.08 39388.80 937.49 39399.30 
636 1322.27 55836.06 1324.01 55846.84 
637 1815.46 76767.77 1817.39 76778.50 
638 2111.42 89495.27 2113.06 89505.73 
639 1334.97 56362.13 1336.72 56372.61 
640 977.43 41094.71 978.97 41104.99 
641 2047.87 86796.28 2049.86 86806.38 
642 2489.00 105387.05 2490.11 105397.13 
643 3014.17 127550.10 3015.51 127560.38 
644 2404.61 101928.41 2405.79 101938.41 
645 603.18 25599.41 604.62 25610.21 
646 2804.15 118507.18 2805.41 118517.99 
647 212.48 8953.71 213.56 8964.26 
648 1926.67 81488.79 1928.46 81498.89 
649 536.96 22700.57 538.27 22711.12 
650 1605.84 67902.18 1607.20 67912.52 
651 977.43 41171.80 978.97 41182.41 
652 764.69 31964.09 766.47 31974.37 
653 2215.39 94087.51 2217.34 94097.97 
654 1283.29 54086.18 1284.46 54097.02 
655 45.00 1929.66 46.46 1940.35 
656 2161.75 91635.40 2162.84 91645.61 
657 187.60 8049.34 188.73 8059.48 
658 1823.63 77198.35 1825.16 77208.59 
659 1538.52 64915.84 1540.04 64926.81 
660 1215.31 51258.43 1216.54 51268.66 
661 2368.10 100354.42 2369.49 100365.04 
662 1266.64 53549.20 1268.30 53559.67 
663 1707.42 72164.71 1708.47 72175.51 
664 557.34 23560.31 558.35 23571.01 
665 1448.90 61148.27 1450.52 61159.10 
666 908.28 38221.56 909.77 38232.10 
667 599.23 25352.26 600.77 25362.41 
668 437.06 18512.33 438.70 18523.23 
669 927.39 39038.12 928.80 39048.16 
670 2036.31 86254.38 2038.00 86264.71 
671 2232.80 94712.23 2234.61 94722.44 
672 2014.77 85342.51 2015.80 85353.50 
673 2823.45 119499.88 2824.65 119510.10 
674 2579.92 109372.42 2581.67 109382.48 
675 1210.99 51180.54 1212.32 51190.94 
676 461.15 19559.81 462.43 19570.72 
677 135.61 5788.92 136.77 5799.88 
678 1566.51 66119.28 1567.64 66129.72 
679 1116.26 47077.53 1117.55 47088.40 
680 1219.00 51437.88 1220.18 51448.20 
681 1753.89 74058.41 1755.37 74069.22 
682 512.85 21778.61 514.62 21788.93 
683 1909.63 80889.88 1911.53 80900.24 
684 367.92 15676.49 369.54 15686.62 
685 648.70 27301.48 650.36 27311.72 
686 1727.66 73052.87 1729.35 73063.66 
687 2727.30 115337.66 2728.43 115348.34 
688 464.55 19732.28 465.78 19743.15 
689 2253.28 95556.98 2255.13 95567.79 
690 1535.21 64785.71 1536.25 64796.48 
691 2356.04 99816.45 2357.74 99826.87 
692 1942.71 82163.21 1943.77 82174.07 
693 1530.96 64603.74 1532.68 64614.48 
694 2204.85 93550.79 2205.94 93561.72 
695 2286.42 96869.19 2288.29 96879.78 
696 2432.00 103045.97 2433.80 103056.32 
697 423.96 17977.64 425.94 17988.22 
698 2306.96 97749.12 2308.29 97759.57 
699 1707.42 72230.14 1708.47 72240.87 
700 2184.63 92675.29 2186.57 92685.30 
701 2168.31 92100.66 2169.49 92110.76 
702 433.17 18267.29 434.68 18277.51 
703 1831.86 77481.67 1832.97 77492.35 
704 1339.69 56481.43 1341.02 56492.01 
705 2742.05 116013.79 2743.91 116023.86 
706 2656.77 112332.89 2657.89 112343.16 
707 2888.13 122109.38 2890.06 122119.51 
708 2225.12 94335.09 2226.61 94345.96 
709 143.72 6140.69 145.10 6151.12 
710 1307.34 55167.90 1308.95 55178.80 
711 2908.03 122944.59 2909.16 122954.78 
712 1355.80 57263.15 1357.63 57273.29 
713 1594.76 67331.53 1595.77 67341.74 
714 940.30 39673.61 942.03 39683.63 
715 49.16 2097.75 50.78 2108.34 
716 2545.22 107796.23 2546.35 107806.34 
717 1219.00 51374.02 1220.18 51384.52 
718 517.56 21870.17 518.91 21880.28 
719 2040.32 86369.59 2041.49 86379.76 
720 1748.99 73875.80 1750.96 73886.35 
721 2408.47 101966.37 2410.41 101976.70 
722 2072.44 87848.74 2073.63 87859.16 
723 325.53 13808.74 327.44 13819.68 
724 1048.12 44230.06 1049.61 44240.07 
725 2299.33 97514.55 2300.36 97525.45 
726 22.18 1084.64 24.06 1095.39 
727 1031.74 43577.12 1033.66 43587.70 
728 1104.99 46497.87 1106.55 46508.03 
729 2168.31 92113.42 2169.49 92123.79 
730 719.03 30076.71 720.72 30087.55 
731 2598.40 109997.13 2599.94 110008.05 
732 2002.25 84720.11 2004.09 84730.54 
733 2602.28 110101.34 2603.50 110111.90 
734 3067.14 129749.97 3068.88 129760.36 
735 2146.54 90994.68 2147.84 91005.30 
736 761.06 31795.46 762.43 31806.13 
737 288.77 12218.35 290.38 12228.74 
738 2843.19 120216.48 2844.26 120226.76 
739 337.75 14323.77 338.80 14333.85 
740 940.30 39633.39 942.03 39644.08 
741 2220.13 94295.18 2222.12 94305.83 
742 553.81 23364.79 555.14 23374.80 
743 1898.15 80424.72 1899.58 80435.69 
744 948.22 40026.80 949.45 40037.26 
745 900.15 38015.12 901.56 38025.22 
746 1379.41 58171.18 1381.12 58182.06 
747 2572.65 108985.66 2573.68 108996.13 
748 525.11 22287.77 526.80 22298.39 
749 985.42 41430.45 986.63 41441.17 
750 1613.64 68136.07 1614.98 68146.21 
751 1360.14 57340.79 1361.44 57351.51 
752 680.47 28553.34 682.37 28563.61 
753 1946.64 82408.59 1948.13 82418.62 
754 2884.81 121967.23 2885.95 121978.17 
755 2691.50 113838.90 2693.44 113849.58 
756 1785.03 75528.10 1786.90 75539.07 
757 2352.12 99568.65 2354.03 99579.09 
758 288.77 12231.60 290.38 12242.48 
759 844.46 35371.72 845.56 35382.32 
760 2668.38 112824.98 2669.63 112835.24 
761 1946.64 82318.19 1948.13 82328.91 
762 268.13 11410.23 269.23 11420.62 
763 3059.05 129319.62 3060.56 129330.44 
764 2339.78 99152.71 2340.84 99163.54 
765 105.82 4463.22 107.05 4473.47 
766 936.08 39529.33 937.49 39539.88 
767 2782.22 117819.12 2783.81 117829.28 
768 1084.18 45797.95 1085.96 45808.37 
769 1872.21 79266.63 1873.21 79276.65 
770 1973.06 83658.05 1974.62 83668.73 
771 1546.54 65357.18 1548.31 65368.14 
772 844.46 35332.55 845.56 35343.27 
773 714.82 29945.69 716.04 29956.46 
774 3021.24 127862.98 3022.67 127873.95 
775 1955.22 82796.87 1956.70 82807.87 
776 1367.64 57692.21 1369.50 57703.11 
777 1258.68 53171.75 1259.95 53182.34 
778 2138.03 90707.89 2139.25 90718.09 
779 1371.71 57926.70 1373.29 57937.63 
780 2142.02 90785.20 2143.70 90795.94 
781 2208.43 93667.48 2209.46 93678.20 
782 2514.40 106440.57 2515.52 106451.49 
783 2846.41 120423.14 2848.25 120433.71 
784 363.82 15403.21 365.61 15413.40 
785 888.39 37469.77 889.92 37480.57 
786 1384.07 58326.90 1385.39 58337.89 
787 243.56 10332.92 244.85 10343.55 
788 1579.01 66745.70 1580.45 66755.97 
789 2843.19 120318.66 2844.26 120329.16 
790 2274.24 96425.62 2276.15 96436.38 
791 288.77 12245.06 290.38 12255.64 
792 560.40 23771.49 561.49 23782.21 
793 1371.71 57823.03 1373.29 57833.32 
794 2632.01 111281.86 2633.50 111292.08 
795 1477.16 62253.59 1478.17 62263.79 
796 956.56 40299.81 958.53 40310.14 
797 2091.98 88674.37 2093.02 88685.03 
798 2343.82 99386.54 2345.31 99397.49 
799 2299.33 97528.08 2300.36 97538.56 
800 2950.72 124774.41 2952.68 124785.18 
801 1586.63 66977.08 1588.28 66987.84 
802 2720.09 115052.23 2721.49 115063.16 
803 1404.95 59147.70 1406.93 59158.40 
804 3017.83 127746.37 3019.18 127756.71 
805 321.11 13562.35 322.66 13572.68 
806 2064.31 87407.87 2065.34 87417.97 
807 2024.66 85800.60 2025.77 85811.05 
808 985.42 41457.00 986.63 41467.95 
809 2064.31 87446.40 2065.34 87456.66 
810 576.74 24434.59 577.90 24445.28 
811 1879.51 79591.35 1880.52 79601.58 
812 1295.45 54605.89 1296.86 54616.13 
813 2036.31 86332.07 2038.00 86342.28 
814 2335.37 99050.66 2336.85 99061.38 
815 1671.70 70748.64 1673.54 70759.14 
816 1827.43 77312.94 1828.92 77323.74 
817 31.14 1475.78 32.50 1485.93 
818 195.74 8398.52 197.13 8409.47 
819 441.09 18590.31 442.11 18600.82 
820 1597.77 67576.73 1599.43 67587.45 
821 488.79 20663.19 489.86 20673.46 
822 2548.56 107966.29 2550.06 107976.88 
823 449.05 19024.81 451.03 19035.08 
824 1124.46 47477.70 1126.03 47487.94 
825 1059.89 44777.52 1061.88 44788.03 
826 1785.03 75424.04 1786.90 75434.58 
827 1163.01 49085.28 1164.32 49096.12 
828 2534.43 107222.29 2535.54 107232.69 
829 3034.23 128305.23 3035.71 128315.81 
830 1440.98 60820.07 1441.98 60830.66 
831 132.16 5699.96 133.60 5710.04 
832 2703.83 114361.90 2705.27 114372.03 
833 1396.00 58938.68 1397.78 58949.65 
834 337.75 14246.72 338.80 14257.49 
835 2335.37 98918.90 2336.85 98929.88 
836 553.81 23454.67 555.14 23465.61 
837 809.42 33789.60 810.84 33799.65 
838 2627.98 111203.96 2629.80 111214.66 
839 992.93 41832.73 994.67 41843.02 
840 2489.00 105439.18 2490.11 105449.95 
841 664.61 27914.17 666.39 27924.78 
842 2598.40 109932.40 2599.94 109942.70 
843 1291.29 54515.57 1292.66 54526.49 
844 2028.70 85966.33 2029.87 85976.93 
845 53.67 2214.60 54.77 2225.02 
846 1835.75 77584.82 1837.56 77595.29 
847 1675.75 70852.84 1677.06 70863.18 
848 2215.39 94034.50 2217.34 94045.29 
849 2168.31 92062.66 2169.49 92073.49 
850 1287.25 54268.30 1288.61 54278.66 
851 2863.99 121062.60 2865.66 121072.67 
852 363.82 15375.76 365.61 15386.67 
853 1360.14 57326.97 1361.44 57337.96 
854 251.27 10719.82 253.03 10729.94 
855 2696.24 113983.44 2697.53 113993.50 
856 2161.75 91724.27 2162.84 91734.75 
857 2851.05 120695.30 2852.99 120706.06 
858 2021.43 85630.45 2022.57 85641.15 
859 1291.29 54474.96 1292.66 54485.87 
860 260.05 11044.53 261.89 11055.19 
861 1522.36 64384.52 1523.87 64394.76 
862 1898.15 80385.92 1899.58 80396.26 
863 2572.65 108933.59 2573.68 108944.44 
864 761.06 31846.35 762.43 31857.23 
865 163.47 7059.71 164.87 7069.86 
866 541.18 22936.93 542.41 22947.04 
867 488.79 20752.78 489.86 20763.10 
868 2091.98 88700.13 2093.02 88710.15 
869 2819.34 119291.83 2820.54 119302.17 
870 595.23 25208.07 596.65 25218.79 
871 870.29 36583.44 871.32 36593.62 
872 2032.56 86069.78 2034.16 86080.77 
873 1178.50 49805.90 1180.23 49815.92 
874 2926.96 123785.02 2928.15 123795.26 
875 693.79 29073.06 695.56 29083.98 
876 2863.99 121140.04 2865.66 121150.80 
877 2052.62 86899.78 2054.34 86910.24 
878 2522.73 106743.68 2524.17 106754.21 
879 1024.82 43248.40 1025.82 43258.76 
880 183.14 7877.03 184.77 7887.90 
881 2172.39 92206.28 2174.23 92217.23 
882 1392.23 58746.23 1393.80 58756.51 
883 2871.56 121538.28 2873.18 121549.12 
884 2168.31 92009.54 2169.49 92020.29 
885 3017.83 127759.57 3019.18 127769.84 
886 2480.83 105040.23 2482.54 105050.70 
887 1882.63 79720.87 1884.05 79731.52 
888 1109.06 46704.25 1110.13 46714.34 
889 1586.63 67042.68 1588.28 67053.59 
890 2176.75 92373.11 2178.02 92383.89 
891 951.74 40053.14 953.67 40063.20 
892 1882.63 79734.22 1884.05 79744.75 
893 2569.01 108814.59 2570.43 108825.19 
894 2007.08 84889.50 2008.55 84899.95 
895 2326.74 98696.44 2328.65 98707.36 
896 1250.91 52791.28 1252.76 52801.84 
897 224.30 9488.78 225.35 9499.47 
898 2011.07 85134.60 2012.28 85145.49 
899 1594.76 67421.04 1595.77 67431.91 
900 1679.12 71086.04 1680.32 71096.65 
901 1472.56 62058.04 1474.42 62068.57 
902 1274.88 53795.39 1276.61 53806.18 
903 1514.65 63955.69 1515.92 63966.31 
904 1914.51 81112.50 1915.63 81122.92 
905 2712.09 114623.80 2713.63 114634.04 
906 1055.79 44503.66 1056.92 44513.82 
907 1031.74 43471.81 1033.66 43482.01 
908 572.20 24188.75 573.82 24198.98 
909 723.57 30298.82 725.24 30308.93 
910 139.68 6023.21 141.33 6034.21 
911 829.04 34662.18 830.18 34672.32 
912 2319.33 98267.54 2320.71 98278.09 
913 3034.23 128383.43 3035.71 128393.83 
914 1788.99 75645.69 1790.25 75656.23 
915 1491.37 62875.95 1493.22 62886.93 
916 896.16 37702.98 897.92 37713.05 
917 31.14 1357.31 32.50 1367.97 
918 77.90 3307.59 79.03 3318.28 
919 504.22 21284.05 505.91 21294.14 
920 1942.71 82266.38 1943.77 82276.72 
921 797.96 33285.09 799.18 33295.76 
922 2220.13 94179.30 2222.12 94190.12 
923 786.44 32856.78 787.45 32867.01 
924 1048.12 44139.99 1049.61 44150.63 
925 2215.39 94127.00 2217.34 94137.45 
926 1071.95 45260.36 1073.52 45271.19 
927 2994.44 126669.59 2995.87 126680.31 
928 764.69 32080.58 766.47 32091.49 
929 345.45 14672.38 346.47 14682.98 
930 384.89 16296.83 385.92 16307.47 
931 2352.12 99581.88 2354.03 99592.11 
932 714.82 30011.92 716.04 30022.19 
933 1973.06 83592.25 1974.62 83602.70 
934 304.00 12858.22 305.75 12869.18 
935 2716.57 114831.82 2717.92 114842.19 
936 53.67 2291.63 54.77 2302.14 
937 870.29 36608.83 871.32 36619.12 
938 829.04 34728.26 830.18 34739.14 
939 1109.06 46665.66 1110.13 46676.04 
940 661.28 27745.38 662.49 27756.34 
941 1004.78 42410.30 1005.84 42420.61 
942 2368.10 100301.72 2369.49 100312.01 
943 85.92 3567.09 87.37 3577.81 
944 1143.87 48256.01 1145.26 48266.78 
945 2011.07 85032.63 2012.28 85042.90 
946 1981.73 83931.49 1983.57 83941.68 
947 437.06 18422.40 438.70 18432.44 
948 1429.59 60218.26 1431.08 60228.57 
949 2161.75 91674.55 2162.84 91684.57 
950 191.08 8114.40 192.85 8124.96 
951 1554.44 65639.88 1556.24 65650.71 
952 2335.37 98893.18 2336.85 98904.09 
953 532.81 22467.61 534.40 22477.98 
954 833.11 34886.58 834.23 34897.46 
955 2635.62 111503.53 2637.34 111513.84 
956 1135.85 47957.70 1136.94 47968.62 
957 1748.99 73862.09 1750.96 73873.07 
958 2095.45 88764.88 2096.97 88775.00 
959 1480.33 62473.47 1481.39 62483.99 
960 1605.84 67889.62 1607.20 67900.04 
961 1823.63 77159.16 1825.16 77169.42 
962 1084.18 45652.02 1085.96 45662.98 
963 337.75 14207.87 338.80 14218.26 
964 2464.88 104413.34 2466.61 104423.65 
965 121.27 5191.79 122.47 5202.41 
966 1894.60 80242.41 1896.06 80252.60 
967 2926.96 123862.27 2928.15 123872.95 
968 961.43 40483.39 963.33 40494.00 
969 2452.64 103863.45 2454.05 103873.88 
970 2838.68 120149.66 2840.24 120160.49 
971 1748.99 73953.41 1750.96 73964.38 
972 793.23 33129.31 795.14 33139.74 
973 1788.99 75671.17 1790.25 75681.42 
974 1702.52 72086.41 1704.46 72096.62 
975 1219.00 51399.53 1220.18 51409.54 
976 175.53 7514.03 176.76 7524.98 
977 1637.89 69138.77 1639.52 69149.46 
978 264.01 11200.51 265.54 11211.36 
979 2125.70 90185.93 2127.36 90196.28 
980 639.57 26912.25 641.04 26922.87 
981 2615.26 110593.74 2616.86 110603.80 
982 49.16 2123.59 50.78 2134.04 
983 584.07 24664.20 585.12 24674.56 
984 940.30 39569.18 942.03 39579.46 
985 2091.98 88661.33 2093.02 88672.11 
986 2753.93 116479.63 2755.83 116490.26 
987 3070.92 129969.84 3072.29 129980.73 
988 2215.39 94061.48 2217.34 94071.72 
989 1092.35 45979.94 1094.26 45990.02 
990 912.22 38482.01 913.28 38492.22 
991 2611.14 110400.85 2612.49 110411.23 
992 2773.99 117451.53 2775.85 117461.71 
993 2180.49 92504.02 2182.43 92514.95 
994 2286.42 96933.28 2288.29 96943.38 
995 2522.73 106704.80 2524.17 106715.02 
996 1765.98 74577.49 1767.01 74587.56 
997 2196.46 93173.59 2198.05 93184.42 
998 603.18 25533.82 604.62 25544.78 
999 1938.92 82085.02 1940.00 82095.93 
1000 1001.11 42226.93 1002.16 42237.45 
1001 1274.88 53731.28 1276.61 53741.45 
1002 1998.84 84615.59 2000.15 84626.30 
1003 2335.37 98958.52 2336.85 98969.23 
1004 2738.62 115895.84 2739.76 115906.38 
1005 560.40 23758.19 561.49 23769.00 
1006 2545.22 107717.02 2546.35 107727.24 
1007 824.90 34572.42 826.43 34582.96 
1008 2347.60 99490.24 2349.19 99500.83 
1009 175.53 7553.09 176.76 7564.00 
1010 3021.24 127798.54 3022.67 127809.34 
1011 1048.12 44242.46 1049.61 44253.36 
1012 2973.81 125868.71 2975.14 125879.20 
1013 2158.17 91450.57 2159.30 91460.70 
1014 2017.90 85407.71 2019.14 85418.02 
1015 1671.70 70658.51 1673.54 70668.71 
1016 2997.99 126926.22 2999.30 126936.52 
1017 94.31 3969.72 95.36 3980.54 
1018 1715.12 72621.33 1716.45 72631.53 
1019 1796.25 76049.04 1797.26 76059.08 
1020 1112.71 46858.92 1114.04 46868.93 
1021 1735.94 73446.63 1737.34 73457.18 
1022 1352.15 57042.59 1353.74 57052.90 
1023 851.43 35738.58 853.02 35749.21 
1024 1068.21 45104.37 1069.46 45115.25 
1025 1371.71 57848.64 1373.29 57859.04 
1026 2083.70 88228.04 2085.46 88238.57 
1027 1566.51 66170.87 1567.64 66180.93 
1028 1969.68 83424.03 1970.72 83434.42 
1029 2122.19 90081.12 2123.67 90091.98 
1030 2914.89 123305.60 2915.97 123315.68 
1031 2044.21 86641.20 2045.81 86652.09 
1032 2762.17 116957.13 2763.48 116967.40 
1033 2189.23 92806.91 2190.25 92817.68 
1034 1491.37 62992.62 1493.22 63003.01 
1035 892.66 37665.25 893.67 37675.29 
1036 2846.41 120528.16 2848.25 120538.27 
1037 500.37 21153.43 501.47 21163.93 
1038 2982.11 126127.30 2983.92 126137.51 
1039 1735.94 73368.66 1737.34 73379.66 
1040 3067.14 129775.55 3068.88 129785.97 
1041 1295.45 54579.81 1296.86 54590.78 
1042 2753.93 116634.35 2755.83 116644.59 
1043 22.18 1162.74 24.06 1173.55 
1044 2091.98 88726.16 2093.02 88736.80 
1045 2220.13 94243.02 2222.12 94253.55 
1046 756.69 31666.46 758.20 31677.03 
1047 2723.82 115258.55 2725.11 115269.18 
1048 761.06 31924.06 762.43 31934.19 
1049 2237.24 94970.53 2238.81 94981.02 
1050 2072.44 87821.10 2073.63 87832.08 
1051 1554.44 65588.94 1556.24 65599.74 
1052 2930.72 124006.31 2932.50 124016.34 
1053 680.47 28696.36 682.37 28706.43 
1054 2068.34 87679.35 2069.74 87689.50 
1055 2196.46 93160.89 2198.05 93170.98 
1056 1535.21 64837.33 1536.25 64847.52 
1057 2911.26 123215.41 2912.42 123225.51 
1058 2456.54 104073.27 2458.53 104083.27 
1059 1629.27 68866.29 1631.09 68876.95 
1060 2002.25 84733.25 2004.09 84743.86 
1061 2452.64 103837.46 2454.05 103848.05 
1062 1679.12 71112.97 1680.32 71123.58 
1063 2823.45 119448.45 2824.65 119458.55 
1064 689.78 29020.88 691.24 29031.85 
1065 668.97 28174.20 670.42 28185.10 
1066 49.16 2111.12 50.78 2121.45 
1067 829.04 34636.90 830.18 34647.59 
1068 1962.30 83138.27 1963.31 83148.99 
1069 2826.75 119627.91 2828.15 119638.84 
1070 2989.88 126476.01 2991.64 126486.11 
1071 300.08 12727.93 301.56 12737.95 
1072 1227.30 51710.84 1229.05 51721.49 
1073 1128.13 47567.63 1129.98 47578.47 
1074 1815.46 76858.98 1817.39 76869.75 
1075 2930.72 123992.63 2932.50 124003.35 
1076 2922.53 123591.12 2924.42 123601.19 
1077 888.39 37431.35 889.92 37442.07 
1078 1586.63 67016.85 1588.28 67027.09 
1079 1510.28 63724.84 1511.80 63735.11 
1080 2290.65 97049.12 2292.40 97059.48 
1081 1392.23 58679.20 1393.80 58690.04 
1082 1477.16 62292.65 1478.17 62303.12 
1083 1347.74 56846.01 1349.63 56856.65 
1084 62.09 2684.14 63.98 2694.35 
1085 2215.39 94074.62 2217.34 94085.30 
1086 456.94 19349.63 458.34 19360.41 
1087 453.73 19193.14 454.82 19203.29 
1088 1135.85 47931.27 1136.94 47941.84 
1089 128.30 5465.16 129.68 5475.21 
1090 2619.22 110785.67 2620.94 110796.02 
1091 1135.85 47983.71 1136.94 47994.10 
1092 2302.38 97657.30 2304.20 97667.96 
1093 2834.67 119928.69 2836.42 119939.09 
1094 2501.29 105881.96 2503.23 105892.71 
1095 2122.19 89952.06 2123.67 89962.90 
1096 1740.20 73601.73 1741.97 73612.17 
1097 639.57 26951.37 641.04 26962.29 
1098 3042.45 128758.92 3044.23 128769.27 
1099 1973.06 83514.76 1974.62 83524.99 
1100 337.75 14234.03 338.80 14244.24 
1101 1016.85 42862.89 1018.45 42873.66 
1102 2282.20 96830.06 2284.08 96840.42 
1103 2989.88 126579.14 2991.64 126589.21 
1104 2322.73 98460.93 2324.11 98471.69 
1105 2514.40 106388.08 2515.52 106398.36 
1106 1227.30 51777.38 1229.05 51787.87 
1107 85.92 3580.20 87.37 3590.36 
1108 2720.09 114988.89 2721.49 114999.33 
1109 2384.48 100995.16 2385.73 101005.56 
1110 2133.83 90511.54 2135.07 90521.95 
1111 1586.63 67083.70 1588.28 67094.52 
1112 866.49 36480.42 868.04 36491.09 
1113 2002.25 84824.10 2004.09 84834.72 
1114 2083.70 88279.59 2085.46 88290.39 
1115 2068.34 87562.41 2069.74 87572.88 
1116 2514.40 106414.62 2515.52 106425.52 
1117 1080.14 45626.77 1081.21 45636.88 
1118 1367.64 57744.64 1369.50 57755.01 
1119 2994.44 126644.17 2995.87 126654.25 
1120 296.67 12572.09 297.94 12582.13 
1121 40.07 1772.79 42.01 1783.45 
1122 2379.75 100915.84 2381.67 100925.89 
1123 1605.84 67851.57 1607.20 67862.28 
1124 2400.28 101698.02 2401.93 101708.84 
1125 1262.26 53236.69 1263.84 53247.00 
1126 1804.13 76284.76 1805.61 76295.11 
1127 1777.05 75153.17 1778.13 75163.64 
1128 2863.99 121126.95 2865.66 121137.25 
1129 1183.03 50001.18 1184.98 50011.74 
1130 2675.95 113098.63 2676.95 113108.77 
1131 2834.67 119876.05 2836.42 119886.84 
1132 1719.12 72778.63 1720.62 72789.27 
1133 1823.63 77079.73 1825.16 77089.74 
1134 1613.64 68187.72 1614.98 68198.52 
1135 3070.92 129956.27 3072.29 129967.12 
1136 2594.29 109840.76 2596.00 109851.74 
1137 2602.28 110114.03 2603.50 110124.75 
1138 2129.95 90382.55 2130.95 90393.12 
1139 2208.43 93693.11 2209.46 93703.30 
1140 2938.98 124303.39 2939.99 124313.81 
1141 2322.73 98474.01 2324.11 98484.20 
1142 1934.82 81813.23 1936.37 81823.38 
1143 40.07 1734.09 42.01 1744.43 
1144 1827.43 77365.12 1828.92 77375.93 
1145 135.61 5854.12 136.77 5864.53 
1146 2322.73 98447.67 2324.11 98458.59 
1147 2589.36 109697.77 2591.35 109707.96 
1148 1440.98 60675.24 1441.98 60685.43 
1149 1894.60 80179.09 1896.06 80189.64 
1150 1400.28 58978.62 1402.10 58989.21 
1151 973.98 41056.34 975.17 41066.56 
1152 541.18 22910.94 542.41 22921.76 
1153 2735.39 115753.84 2736.42 115764.33 
1154 1649.84 69658.16 1650.86 69668.83 
1155 74.15 3164.58 75.74 3174.85 
1156 1444.93 60937.20 1446.34 60948.19 
1157 607.29 25729.35 608.78 25739.73 
1158 916.21 38534.99 917.82 38545.87 
1159 2047.87 86861.45 2049.86 86871.88 
1160 2282.20 96750.00 2284.08 96760.77 
1161 1610.15 68097.74 1611.58 68107.94 
1162 1740.20 73680.53 1741.97 73690.88 
1163 251.27 10694.89 253.03 10705.46 
1164 1064.15 44923.29 1065.61 44934.25 
1165 2540.88 107612.58 2542.57 107623.41 
1166 1657.33 69971.35 1658.93 69981.70 
1167 912.22 38521.98 913.28 38532.84 
1168 433.17 18383.69 434.68 18393.80 
1169 26.80 1188.59 28.79 1199.07 
1170 2727.30 115429.89 2728.43 115440.51 
1171 2215.39 94100.44 2217.34 94110.97 
1172 2663.77 112669.93 2665.40 112680.24 
1173 2819.34 119304.72 2820.54 119315.12 
1174 2476.50 104923.61 2477.90 104934.52 
1175 2611.14 110503.23 2612.49 110513.49 
1176 1590.65 67110.81 1592.42 67120.91 
1177 2189.23 92924.46 2190.25 92934.88 
1178 1621.50 68553.83 1622.78 68563.91 
1179 782.26 32674.54 783.85 32685.36 
1180 1363.95 57602.04 1365.61 57612.09 
1181 216.48 9225.92 217.84 9236.86 
1182 1371.71 57861.92 1373.29 57872.41 
1183 652.37 27392.88 653.94 27403.21 
1184 833.11 34819.81 834.23 34830.62 
1185 2884.81 122005.80 2885.95 122016.70 
1186 437.06 18499.41 438.70 18509.87 
1187 1311.16 55284.81 1312.17 55295.20 
1188 2926.96 123759.64 2928.15 123770.37 
1189 761.06 31820.76 762.43 31831.16 
1190 797.96 33401.39 799.18 33412.11 
1191 965.59 40638.87 966.95 40649.41 
1192 508.39 21607.28 510.39 21617.97 
1193 208.46 8798.72 210.24 8809.20 
1194 143.72 6231.39 145.10 6242.12 
1195 2099.01 89065.01 2100.02 89075.40 
1196 3038.28 128578.03 3039.79 128588.49 
1197 836.33 35030.30 838.04 35040.43 
1198 634.80 26822.43 636.69 26832.69 
1199 1262.26 53249.54 1263.84 53260.50 
1200 948.22 39975.06 949.45 39985.40 
1201 89.96 3776.67 91.85 3787.02 
1202 212.48 9058.50 213.56 9068.81 
1203 2716.57 114897.05 2717.92 114907.79 
1204 2860.25 120904.62 2861.26 120915.18 
1205 710.38 29880.66 712.10 29891.57 
1206 231.33 9797.06 232.89 9807.12 
1207 1634.01 69087.90 1635.61 69098.53 
1208 2851.05 120592.88 2852.99 120603.30 
1209 1671.70 70787.73 1673.54 70798.21 
1210 3025.18 128032.82 3027.16 128043.16 
1211 736.57 30792.85 738.36 30803.03 
1212 1934.82 81891.12 1936.37 81901.34 
1213 81.11 3437.66 82.98 3447.67 
1214 2871.56 121448.33 2873.18 121458.45 
1215 1191.59 50299.34 1193.25 50309.38 
1216 777.62 32582.85 779.57 32593.76 
1217 2569.01 108867.03 2570.43 108877.59 
1218 1518.63 64216.65 1520.28 64227.06 
1219 629.99 26600.36 631.81 26610.72 
1220 2290.65 97164.12 2292.40 97174.99 
1221 782.26 32661.06 783.85 32671.66 
1222 1617.84 68411.36 1619.19 68421.80 
1223 1195.82 50441.55 1197.41 50452.29 
1224 786.44 32778.15 787.45 32789.09 
1225 1116.26 47103.18 1117.55 47113.75 
1226 2884.81 121889.54 2885.95 121899.55 
1227 247.35 10604.08 249.12 10614.69 
1228 1808.21 76507.73 1809.28 76517.91 
1229 793.23 33168.06 795.14 33178.61 
1230 1835.75 77597.95 1837.56 77608.90 
1231 940.30 39646.91 942.03 39657.38 
1232 812.90 33985.04 814.85 33995.52 
1233 805.57 33633.32 807.16 33643.87 
1234 782.26 32714.12 783.85 32725.01 
1235 1506.46 63633.74 1507.82 63644.00 
1236 2302.38 97670.90 2304.20 97680.94 
1237 1247.01 52636.11 1248.22 52646.41 
1238 805.57 33672.09 807.16 33682.79 
1239 1570.61 66406.95 1572.30 66417.80 
1240 1886.97 79890.97 1888.28 79901.80 
1241 464.55 19745.58 465.78 19756.08 
1242 1514.65 63930.34 1515.92 63940.44 
1243 591.36 25002.60 592.90 25012.79 
1244 3.17 272.54 4.65 282.62 
1245 2611.14 110463.19 2612.49 110473.60 
1246 1254.89 52920.85 1255.98 52931.46 
1247 380.99 16180.16 382.08 16190.72 
1248 927.39 39114.61 928.80 39125.51 
1249 2083.70 88253.52 2085.46 88264.02 
1250 2826.75 119539.28 2828.15 119549.40 
1251 2757.88 116659.97 2759.47 116670.19 
1252 2375.65 100680.65 2377.48 100691.41 
1253 620.40 26288.21 622.38 26299.20 
1254 2529.72 107155.91 2531.58 107166.48 
1255 512.85 21713.16 514.62 21723.70 
1256 329.96 13965.08 331.78 13975.67 
1257 10.85 659.90 11.94 670.25 
1258 81.11 3502.03 82.98 3512.99 
1259 908.28 38273.38 909.77 38283.79 
1260 1483.72 62577.43 1484.99 62587.98 
1261 1582.83 66834.25 1584.55 66844.33 
1262 2826.75 119589.20 2828.15 119599.41 
1263 2404.61 101877.35 2405.79 101887.89 
1264 247.35 10487.39 249.12 10497.72 
1265 2880.20 121760.55 2881.92 121770.73 
1266 1322.27 55823.61 1324.01 55833.65 
1267 2904.74 122747.02 2906.02 122757.23 
1268 2966.42 125542.27 2967.52 125552.80 
1269 782.26 32621.36 783.85 32632.04 
1270 629.99 26639.99 631.81 26650.43 
1271 1538.52 64928.91 1540.04 64938.97 
1272 2099.01 88960.49 2100.02 88971.37 
1273 395.69 16817.86 396.88 16828.36 
1274 2142.02 90798.65 2143.70 90809.47 
1275 1278.81 53901.51 1280.63 53912.18 
1276 239.62 10203.18 241.40 10213.70 
1277 1151.13 48603.66 1152.42 48614.19 
1278 251.27 10707.73 253.03 10717.73 
1279 2237.24 94944.64 2238.81 94954.80 
1280 3005.77 127224.74 3007.10 127235.01 
1281 2731.30 115559.08 2732.80 115569.70 
1282 1371.71 57835.94 1373.29 57846.19 
1283 1777.05 75179.33 1778.13 75190.15 
1284 648.70 27236.95 650.36 27247.74 
1285 1977.01 83787.95 1978.92 83798.84 
1286 1092.35 46124.85 1094.26 46135.16 
1287 2229.27 94622.15 2230.36 94632.49 
1288 786.44 32804.92 787.45 32815.39 
1289 2068.34 87704.35 2069.74 87715.25 
1290 1831.86 77508.08 1832.97 77518.09 
1291 77.90 3294.45 79.03 3305.04 
1292 2911.26 123125.27 2912.42 123136.02 
1293 2229.27 94532.25 2230.36 94542.83 
1294 1506.46 63698.76 1507.82 63708.87 
1295 2021.43 85616.91 2022.57 85627.72 
1296 1021.20 43067.53 1022.54 43078.27 
1297 2884.81 122045.18 2885.95 122055.62 
1298 797.96 33376.29 799.18 33387.01 
1299 1491.37 62979.36 1493.22 62989.99 
1300 2811.63 118886.25 2813.31 118897.10 
1301 2875.55 121577.59 2877.23 121587.78 
1302 916.21 38689.29 917.82 38699.79 
1303 1334.97 56323.77 1336.72 56333.79 
1304 2091.98 88596.09 2093.02 88606.90 
1305 2164.95 91829.11 2166.22 91839.77 
1306 1649.84 69749.55 1650.86 69759.62 
1307 1375.59 58028.85 1376.84 58039.28 
1308 2180.49 92595.88 2182.43 92606.19 
1309 2982.11 126216.62 2983.92 126227.40 
1310 1740.20 73562.69 1741.97 73573.55 
1311 3042.45 128693.88 3044.23 128704.19 
1312 620.40 26301.59 622.38 26312.54 
1313 403.20 17183.95 404.59 17194.68 
1314 3042.45 128706.62 3044.23 128716.92 
1315 2485.04 105283.34 2486.15 105294.14 
1316 2335.37 99024.69 2336.85 99034.95 
1317 896.16 37689.52 897.92 37700.37 
1318 2356.04 99855.91 2357.74 99866.23 
1319 2107.35 89261.85 2109.04 89272.19 
1320 723.57 30401.55 725.24 30411.99 
1321 2060.72 87252.46 2061.91 87263.10 
1322 1579.01 66588.61 1580.45 66599.39 
1323 2908.03 123047.19 2909.16 123057.55 
1324 2663.77 112708.33 2665.40 112718.64 
1325 768.85 32221.47 770.18 32231.48 
1326 2480.83 105077.83 2482.54 105088.35 
1327 1582.83 66873.12 1584.55 66883.15 
1328 1744.45 73745.69 1746.25 73756.12 
1329 7.00 336.32 8.16 346.35 
1330 2095.45 88869.06 2096.97 88879.66 
1331 2364.42 100236.77 2365.85 100246.93 
1332 1491.37 63018.65 1493.22 63029.36 
1333 2526.20 107000.86 2527.33 107011.75 
1334 2623.70 110982.79 2625.53 110993.08 
1335 178.85 7735.49 180.51 7745.49 
1336 1004.78 42306.44 1005.84 42316.46 
1337 260.05 10980.61 261.89 10990.62 
1338 321.11 13588.50 322.66 13599.26 
1339 1671.70 70684.51 1673.54 70695.34 
1340 2036.31 86228.80 2038.00 86239.27 
1341 797.96 33440.31 799.18 33450.51 
1342 1008.48 42567.07 1010.46 42577.25 
1343 1804.13 76323.90 1805.61 76334.52 
1344 793.23 33259.02 795.14 33269.10 
1345 965.59 40678.21 966.95 40688.68 
1346 292.84 12337.24 294.26 12347.40 
1347 629.99 26522.07 631.81 26532.17 
1348 1848.11 78235.46 1849.20 78245.64 
1349 496.91 21063.32 498.14 21074.32 
1350 3001.77 127055.62 3003.37 127066.56 
1351 1719.12 72831.29 1720.62 72841.50 
1352 2368.10 100380.98 2369.49 100391.34 
1353 833.11 34806.64 834.23 34817.26 
1354 1769.35 74824.77 1770.78 74835.73 
1355 26.80 1254.21 28.79 1264.90 
1356 521.22 22091.60 523.07 22101.93 
1357 2723.82 115232.72 2725.11 115243.28 
1358 2579.92 109269.77 2581.67 109279.90 
1359 2294.81 97228.59 2296.69 97239.45 
1360 307.93 13133.12 309.86 13144.10 
1361 3055.06 129165.76 3056.87 129176.45 
1362 2262.32 95895.20 2263.60 95905.34 
1363 2017.90 85499.71 2019.14 85509.90 
1364 1719.12 72817.91 1720.62 72828.86 
1365 2716.57 114936.67 2717.92 114947.23 
1366 2997.99 126900.69 2999.30 126910.93 
1367 1958.91 82967.87 1959.93 82978.57 
1368 1303.71 54918.55 1304.83 54929.48 
1369 3059.05 129345.38 3060.56 129355.46 
1370 139.68 6037.01 141.33 6047.40 
1371 2083.70 88346.16 2085.46 88356.53 
1372 634.80 26797.34 636.69 26807.55 
1373 2388.10 101189.90 2389.27 101200.31 
1374 673.12 28240.10 674.88 28251.02 
1375 2412.86 102214.27 2414.25 102225.08 
1376 1995.02 84472.32 1996.08 84482.44 
1377 1363.95 57588.56 1365.61 57599.09 
1378 1731.45 73223.85 1733.06 73234.08 
1379 2526.20 106936.16 2527.33 106946.78 
1380 1440.98 60688.24 1441.98 60698.69 
1381 880.93 37143.23 882.11 37154.15 
1382 1195.82 50467.79 1197.41 50478.19 
1383 392.02 16676.56 393.14 16686.76 
1384 580.42 24625.95 581.55 24636.18 
1385 517.56 21818.17 518.91 21828.48 
1386 2753.93 116621.18 2755.83 116632.15 
1387 2652.25 112085.73 2654.18 112096.08 
1388 329.96 13977.86 331.78 13987.91 
1389 643.86 27107.36 645.80 27118.21 
1390 1546.54 65382.85 1548.31 65393.15 
1391 1024.82 43222.52 1025.82 43233.15 
1392 380.99 16103.45 382.08 16113.70 
1393 356.59 15092.27 357.61 15103.06 
1394 468.74 19835.70 470.59 19845.82 
1395 1101.06 46383.17 1102.86 46393.23 
1396 2274.24 96452.54 2276.15 96463.00 
1397 2640.30 111698.59 2641.52 111709.14 
1398 1744.45 73693.82 1746.25 73704.41 
1399 1702.52 72073.16 1704.46 72083.90 
1400 2922.53 123578.38 2924.42 123588.93 
1401 1671.70 70710.06 1673.54 70720.26 
1402 532.81 22610.19 534.40 22620.39 
1403 1986.55 84100.60 1987.96 84111.29 
1404 143.72 6205.02 145.10 6215.78 
1405 444.87 18761.41 446.72 18772.34 
1406 2146.54 91020.96 2147.84 91031.54 
1407 1657.33 70048.04 1658.93 70058.55 
1408 243.56 10370.86 244.85 10381.74 
1409 334.63 14144.33 335.69 14154.62 
1410 1480.33 62447.85 1481.39 62458.26 
1411 1819.92 77000.54 1821.42 77010.61 
1412 1951.03 82498.75 1952.49 82508.93 
1413 1597.77 67485.17 1599.43 67496.02 
1414 235.58 9967.54 236.88 9978.03 
1415 1804.13 76245.51 1805.61 76255.91 
1416 2986.59 126334.57 2987.82 126345.40 
1417 2294.81 97295.13 2296.69 97305.16 
1418 1735.94 73497.25 1737.34 73508.22 
1419 3014.17 127512.58 3015.51 127522.94 
1420 859.96 35997.75 861.07 36008.21 
1421 866.49 36493.71 868.04 36503.94 
1422 2545.22 107783.34 2546.35 107793.40 
1423 884.72 37301.19 885.84 37311.57 
1424 2647.82 112033.50 2649.54 112043.85 
1425 2518.47 106533.64 2520.03 106544.12 
1426 1075.70 45338.82 1077.65 45349.30 
1427 927.39 39050.63 928.80 39060.92 
1428 3001.77 127095.73 3003.37 127106.35 
1429 500.37 21258.31 501.47 21269.23 
1430 1254.89 52948.00 1255.98 52958.29 
1431 2727.30 115363.90 2728.43 115374.80 
1432 2392.20 101319.33 2393.25 101329.84 
1433 26.80 1280.24 28.79 1290.60 
1434 1621.50 68540.85 1622.78 68551.26 
1435 372.32 15767.07 374.07 15777.38 
1436 752.67 31470.00 754.45 31480.49 
1437 276.02 11695.38 277.80 11706.10 
1438 2257.45 95791.72 2259.32 95802.55 
1439 2331.30 98736.91 2332.91 98747.51 
1440 1444.93 60924.41 1446.34 60934.93 
1441 2598.40 109984.24 2599.94 109994.91 
1442 500.37 21166.34 501.47 21176.48 
1443 2823.45 119461.01 2824.65 119471.23 
1444 2510.38 106324.03 2512.07 106334.26 
1445 147.84 6358.98 149.25 6369.01 
1446 1753.89 74110.92 1755.37 74121.70 
1447 2652.25 112216.16 2654.18 112226.31 
1448 392.02 16574.65 393.14 16585.57 
1449 66.48 2827.23 67.77 2837.80 
1450 2249.02 95386.79 2250.41 95397.67 
1451 461.15 19533.14 462.43 19543.66 
1452 877.40 36949.80 878.61 36960.02 
1453 1375.59 58067.87 1376.84 58078.67 
1454 706.30 29568.09 708.26 29578.57 
1455 1613.64 68214.33 1614.98 68224.80 
1456 2934.95 124123.30 2936.08 124133.75 
1457 2164.95 91894.73 2166.22 91904.91 
1458 1028.21 43406.18 1029.63 43416.69 
1459 1477.16 62332.73 1478.17 62343.70 
1460 607.29 25676.98 608.78 25687.91 
1461 1444.93 60884.25 1446.34 60894.78 
1462 1178.50 49744.23 1180.23 49754.48 
1463 2647.82 111943.94 2649.54 111954.70 
1464 817.36 34193.85 818.43 34204.82 
1465 1239.30 52308.62 1240.95 52319.33 
1466 741.27 30988.66 742.64 30999.53 
1467 2815.34 119148.04 2817.09 119158.27 
1468 1440.98 60832.74 1441.98 60843.44 
1469 1823.63 77224.37 1825.16 77234.55 
1470 1151.13 48629.80 1152.42 48640.61 
1471 1059.89 44647.68 1061.88 44658.25 
1472 2644.30 111879.18 2645.34 111889.50 
1473 468.74 19785.46 470.59 19796.03 
1474 1071.95 45182.57 1073.52 45193.14 
1475 304.00 12872.07 305.75 12882.77 
1476 1495.44 63109.22 1496.49 63119.39 
1477 139.68 5970.59 141.33 5981.01 
1478 625.34 26405.57 627.30 26416.11 
1479 2640.30 111712.03 2641.52 111722.15 
1480 888.39 37366.83 889.92 37377.55 
1481 300.08 12701.57 301.56 12712.15 
1482 1831.86 77494.46 1832.97 77505.34 
1483 789.77 32973.10 790.97 32983.61 
1484 944.17 39844.74 945.89 39855.28 
1485 896.16 37753.85 897.92 37764.18 
1486 2129.95 90278.58 2130.95 90288.71 
1487 437.06 18434.91 438.70 18445.13 
1488 3005.77 127250.65 3007.10 127261.04 
1489 453.73 19142.01 454.82 19152.96 
1490 1687.01 71397.76 1688.75 71408.52 
1491 1187.07 50026.78 1188.98 50037.29 
1492 2540.88 107587.06 2542.57 107597.16 
1493 2896.61 122419.12 2897.85 122429.80 
1494 2668.38 112915.99 2669.63 112926.83 
1495 2322.73 98395.91 2324.11 98406.13 
1496 2111.42 89430.97 2113.06 89441.41 
1497 2703.83 114400.83 2705.27 114411.20 
1498 2819.34 119200.08 2820.54 119210.43 
1499 824.90 34559.11 826.43 34569.93 
1500 1.95 4.36 11.67 6.46